4 4
0.840188 0.394383 0.783099 0.798440 
0.911647 0.197551 0.335223 0.768230 
0.277775 0.553970 0.477397 0.628871 
0.364784 0.513401 0.952230 0.916195 
4 4
0.635712 0.717297 0.141603 0.606969 
0.016301 0.242887 0.137232 0.804177 
0.156679 0.400944 0.129790 0.108809 
0.998925 0.218257 0.512932 0.839112 
4 4
1.460822 1.186699 0.684279 1.582310 
1.402691 1.003982 0.593760 1.393314 
0.888607 0.662464 0.499886 1.193729 
1.304671 0.968114 0.715646 1.506679 
